Catch	in	Numbers	(billions)													
	1	2														
	1950	2016														
	0	15														
	1															
	5.1126	2	0.6	0.2762	0.1848	0.1855	0.547	0.6286	0.0795	0.0886	0.1095	0.0869	0.1945	0.3683	0.0664	0.3443
	1.6355	7.6077	0.4	0.0066	0.3838	0.1724	0.1644	0.5156	0.602	0.0771	0.0827	0.1031	0.1076	0.2535	0.348	0.3525
	13.7216	9.1497	1.2329	0.0393	0.0605	0.6023	0.1363	0.2045	0.3802	0.3779	0.0792	0.0857	0.1077	0.1068	0.1865	0.5644
	5.6972	5.055	0.5813	0.7401	0.0466	0.1009	0.3556	0.0819	0.1109	0.3141	0.3949	0.0617	0.0912	0.0941	0.0988	0.7304
	10.67599	7.07109	0.8554	0.2663	1.4355	0.1429	0.236	0.4903	0.1281	0.1998	0.4404	0.4607	0.0884	0.1006	0.133	0.8032
	5.1756	2.8711	0.5101	0.093	0.2764	2.0451	0.1143	0.1896	0.2747	0.0853	0.1934	0.2956	0.2032	0.0587	0.0846	0.5806
	5.3639	2.0237	0.6271	0.1165	0.2516	0.3142	2.5551	0.11	0.2039	0.2642	0.1307	0.1983	0.2728	0.1633	0.063	0.5651
	5.0019	3.2908	0.2195	0.0233	0.3733	0.1538	0.2285	1.9853	0.072	0.1273	0.1825	0.0884	0.1212	0.1493	0.1316	0.2814
	9.66699	2.7981	0.6664	0.0175	0.0179	0.1109	0.0893	0.1944	0.9735	0.0707	0.123	0.2009	0.0987	0.0774	0.0709	0.2556
	17.89628	0.19853	0.3255	0.0151	0.0268	0.0259	0.1466	0.1148	0.2407	1.1038	0.0886	0.1243	0.198	0.0885	0.0774	0.2359
	12.88431	13.58079	0.3925	0.1217	0.0182	0.0281	0.0244	0.0962	0.0733	0.2039	1.163	0.0852	0.1297	0.1535	0.0567	0.1689
	6.2075	16.0756	2.8848	0.0312	0.0081	0.0041	0.015	0.0194	0.0616	0.0492	0.1361	0.7281	0.0497	0.045	0.063	0.0601
	3.6932	4.0811	1.0413	1.8438	0.008	0.0031	0.0072	0.0202	0.0119	0.0591	0.0526	0.117	0.8135	0.0442	0.0547	0.1523
	4.807	2.1192	2.0453	0.7604	0.8358	0.0053	0.0018	0.0036	0.0183	0.0093	0.1077	0.0925	0.1741	0.9237	0.0796	0.1853
	3.613	2.7283	0.2203	0.1146	0.399	2.0458	0.0137	0.0015	0.003	0.0249	0.0293	0.0956	0.0824	0.153	0.7728	0.3368
	2.303	3.7809	2.8536	0.0899	0.2562	0.5711	2.1997	0.0195	0.0149	0.0074	0.0191	0.04	0.1005	0.1078	0.1387	0.8831
	3.9265	0.6628	1.678	2.0487	0.0269	0.4666	1.306	2.8845	0.0379	0.0143	0.0174	0.0262	0.011	0.0691	0.0721	0.5567
	0.4268	9.8771	0.0704	1.3923	3.254	0.0266	0.4213	1.132	1.7208	0.0089	0.0057	0.0035	0.0085	0.0089	0.0175	0.1044
	1.7836	0.437	0.3883	0.0991	1.8805	1.3874	0.01422	0.094	0.1341	0.3451	0.002	0.0011	0.00083	0.0025	0.0026	0.017
	0.5612	0.5071	0.1419	0.1882	0.0008	0.0088	0.0047	0.0007	0.0117	0.0336	0.036	0.0003	0.0002	0.0002	0.0002	0.0024
	0.1193	0.5294	0.0332	0.0063	0.0186	0.0006	0.0033	0.0033	0.001	0.0134	0.0262	0.0281	0.0003	0.0001	0.0002	0.002
	0.0305	0.0429	0.0851	0.00182	0.00102	0.00124	0.00036	0.00111	0.00113	0.00036	0.00441	0.00691	0.00545	0	0.00002	0.00012
	0.3471	0.041	0.0204	0.035376	0.003476	0.003583	0.002481	0.000694	0.001486	0.000198	0	0.000494	0.000593	0.000593	0	0
	0.0293	0.0035	0.0017	0.002389	0.0252	0.000651	0.001506	0.000278	0.000178	0	0	0	0	0	0.00018	0
	0.0659	0.0078	0.0039	0.0001	0.000241	0.024505	0.000257	0.000196	0	0	0	0	0	0	0	0
	0.0306	0.0036	0.0018	0.003268	0.000132	0.00091	0.030667	0.000005	0.000002	0	0	0	0	0	0	0
	0.0201	0.0024	0.0012	0.023248	0.005436	0	0	0.013086	0	0	0	0	0	0	0	0
	0.043	0.0062	0.0031	0.022103	0.023595	0.000336	0	0.000419	0.010766	0	0	0	0	0	0	0
	0.0201	0.0024	0.0012	0.003019	0.012164	0.020315	0.00087	0	0.00062	0.005027	0	0	0	0	0	0
	0.0326	0.0038	0.0019	0.006352	0.001866	0.006865	0.011216	0.000326	0	0	0.002534	0	0	0	0	0
	0.0069	0.0008	0.0004	0.006407	0.005814	0.002278	0.008165	0.015838	0.000441	0.000008	0	0.002688	0	0	0	0
	0.0083	0.0011	0.0119	0.004166	0.004591	0.008596	0.0022	0.004512	0.00828	0.000345	0.000103	0.000114	0.000964	0	0	0
	0.0226	0.0011	0.0002	0.013817	0.007892	0.004507	0.006258	0.00196	0.005075	0.006047	0.000121	0.000037	0.000037	0.000121	0	0
	0.127	0.00468	0.00167	0.003183	0.021191	0.009521	0.006181	0.006823	0.001293	0.004598	0.007329	0.000143	0.00004	0.000143	0.00086	0
	0.03386	0.0017	0.00249	0.004483	0.005388	0.061543	0.018202	0.012638	0.015608	0.007215	0.016338	0.006478	0	0	0	0.00165
	0.02857	0.01315	0.20722	0.0215	0.0155	0.0165	0.13	0.059	0.055	0.063	0.01	0.031	0.05	0	0	0.00264
	0.01381	0.00138	0.00309	0.539785	0.017594	0.0145	0.0155	0.105	0.075	0.042	0.077	0.019469	0.066	0.08	0	0.00247
	0.01385	0.00633	0.03577	0.019776	0.501393	0.018672	0.003502	0.007058	0.028	0.012	0.0095	0.0045	0.007834	0.0065	0.007	0.00045
	0.01549	0.00279	0.00911	0.062923	0.025059	0.550367	0.009452	0.003679	0.005964	0.014583	0.008872	0.002818	0.003356	0.002682	0.00156	0.00054
	0.00712	0.00193	0.0252	0.00289	0.003623	0.00565	0.32429	0.003469	0.0008	0.000679	0.003297	0.001375	0.000679	0.000321	0.00026	0
	0.00102	0.0004	0.01554	0.018633	0.002658	0.011875	0.010854	0.22628	0.001289	0.001519	0.002036	0.002415	0.000646	0.000179	0.00059	0.00048
	0.0001	0.00337	0.00333	0.008438	0.00278	0.00141	0.014698	0.008867	0.218851	0.002499	0.000461	0.000087	0.00069	0.000103	0.00026	0.00054
	0.00163	0.00015	0.00134	0.012586	0.0331	0.00498	0.001193	0.011981	0.005748	0.225677	0.002483	0.000639	0.000247	0.001236	0	0
	0.00657	0.00013	0.00724	0.028408	0.106866	0.087269	0.008625	0.003648	0.029603	0.018631	0.41011	0	0	0	0	0
	0.00043	0.00002	0.0081	0.0325	0.11009	0.36392	0.1648	0.01558	0.00814	0.03733	0.03566	0.64541	0.00283	0.00046	0.0001	0.00207
	0	0	0.00113	0.05759	0.34646	0.62281	0.63784	0.23109	0.01551	0.01585	0.06975	0.08374	0.91188	0.00407	0.00025	0.00045
	0	0	0.03014	0.03436	0.71362	1.571	0.94058	0.40628	0.10341	0.00568	0.00737	0.06609	0.01757	0.83655	0	0
	0	0	0.02182	0.13045	0.27095	1.79578	1.99362	0.76121	0.32649	0.06087	0.02002	0.0324	0.09052	0.01912	0.37033	0.0003
	0	0	0.082891	0.070323	0.242365	0.36831	1.760319	1.26375	0.381482	0.129971	0.042502	0.025343	0.003478	0.112604	0.005633	0.108514
	0	0	0.005029	0.137626	0.03582	0.134813	0.429433	1.604959	1.164263	0.291394	0.106005	0.014524	0.04004	0.007202	0.088598	0.063983
	0	0	0.014395	0.084016	0.560379	0.034933	0.110719	0.40446	1.299253	1.045001	0.21698	0.071589	0.01626	0.022701	0.023321	0.071811
	0	0	0.002076	0.102293	0.160678	0.426822	0.038749	0.095991	0.29646	0.839136	0.507106	0.073673	0.023722	0.003505	0.003356	0.022164
	0	0	0.062031	0.19836	0.643161	0.255516	0.326495	0.029843	0.09353	0.264675	0.663059	0.339326	0.052922	0.012437	0.007	0.010087
	0	0.003461	0.004524	0.075243	0.323958	0.730468	0.175878	0.167776	0.022866	0.074494	0.217108	0.567253	0.219097	0.038555	0.008111	0.006192
	0.000125	0.001846	0.0438	0.024299	0.0923	0.42951	0.714433	0.111022	0.13794	0.026656	0.052467	0.169196	0.401564	0.210547	0.028028	0.011883
	0	0.000442	0.020411	0.447788	0.094206	0.170547	0.6436	0.930309	0.121856	0.123291	0.037967	0.065289	0.139331	0.344822	0.126879	0.015697
	0	0.001968	0.045438	0.075824	0.729898	0.082107	0.17137	0.726041	0.772217	0.088701	0.077115	0.030339	0.057882	0.133665	0.14224	0.049128
	0	0.004475	0.00845	0.224636	0.366983	1.804495	0.152916	0.242923	0.728836	0.511664	0.047215	0.025384	0.015316	0.024488	0.064755	0.058465
	0	0.039898	0.1239492	0.0366295	0.5502739	0.6706812	2.2959115	0.1995921	0.2561319	0.5865827	0.3696199	0.029633	0.0360255	0.023775	0.0251955	0.0631759
	0	0.003468	0.113424	0.192641	0.149075	1.193781	0.914748	1.929631	0.142931	0.262037	0.423972	0.238174	0.045519	0.009337	0.010153	0.070538
	0	0.0759814	0.0616725	0.1019481	0.2092949	0.1897836	1.0648655	0.711951	1.4219389	0.1750098	0.1801642	0.3407809	0.1790392	0.0125579	0.011602	0.0497734
	0	0.1269672	0.2498085	0.0617055	0.1046344	0.23433	0.2101647	0.7553811	0.5432121	0.6427869	0.0905151	0.1172297	0.1365093	0.0450819	0.0066277	0.0116382
	0	0.0026801	0.0130833	0.2116304	0.0499987	0.1196272	0.2819075	0.2633295	0.7478386	0.3146943	0.3579021	0.0531086	0.0449819	0.0642733	0.0124199	0.0036039
	0	0.0000012	0.0207154	0.0603642	0.2769006	0.0712865	0.1125582	0.2836579	0.2422429	0.5919121	0.1695247	0.1453178	0.0249362	0.0106139	0.0097252	0.0022991
	0	0.000265	0.0014411	0.028301	0.0578382	0.257529	0.0504237	0.071721	0.1948138	0.147083	0.3813172	0.0830496	0.0573153	0.0127459	0.0018091	0.0075009
	0	0.0006473	0.0032436	0.0161388	0.0557486	0.0523686	0.1523471	0.0340458	0.0657277	0.1560747	0.1033927	0.2011413	0.0243101	0.0493727	0.0033693	0.0063973
	0	0.0001973	0.0023512	0.0454829	0.0434164	0.1121469	0.0859367	0.1644542	0.0522667	0.0735758	0.1746552	0.0964764	0.1790513	0.0385457	0.03288	0.008379
