Landings(tonnes)
 1 1
 1972 2016
 -1 -1
 1
     13161.
      7017.
      7619.
     13713.
     10436.
     22706.
     19824.
     12864.
     18577.
     13736.
     16655.
     23054.
     53532.
    169872.
    225256.
    127306.
    135301.
    103830.
     86411.
     84683.
    104448.
    232457.
    479228.
    905501.
   1220283.
   1426507.
   1223131.
   1235433.
   1207201.
    766136.
    807795.
    789510.
    794066.
   1003243.
    968958.
   1266993.
   1545656.
   1687373.
   1457014.
    992998.
    825999.
    684743.
    461306.
    328740.
    383174.
