Age	structured	tuning	indices												
	107														
1	Spawning	grounds	along	the	Norwegian	coast									
	1988	2017													
	-1	-1	-1	-1											
	2	15													
-1	0	375	299	8066	86	33	11	38	22	41	0	0	0	0	
-1	164	17	336	89	3995	106	12	8	59	0	4	39	0	8	
-1	-1	-1	-1	-1	-1	-1	-1	-1	-1	-1	-1	-1	-1	-1	
-1	-1	-1	-1	-1	-1	-1	-1	-1	-1	-1	-1	-1	-1	-1	
-1	-1	-1	-1	-1	-1	-1	-1	-1	-1	-1	-1	-1	-1	-1	
-1	-1	-1	-1	-1	-1	-1	-1	-1	-1	-1	-1	-1	-1	-1	
-1	43	99	48	851	480	73	15	152	43	1838	3	3	0	0	
-1	4	409	4643	3186	1986	292	18	0	141	76	2299	0	0	0	
-1	126	147	1885	7923	2384	887	314	0	0	121	0	1830	0	0	
-1	-1	-1	-1	-1	-1	-1	-1	-1	-1	-1	-1	-1	-1	-1	
-1	41	330	984	3012	13089	8214	1909	588	194	35	0	359	0	1415	
-1	119	1572	379	1366	2593	9356	6979	1632	495	124	0	0	360	359	
-1	1399	672	2617	103	485	1139	4193	2864	547	48	2	0	15	217	
-1	-1	-1	-1	-1	-1	-1	-1	-1	-1	-1	-1	-1	-1	-1	
-1	-1	-1	-1	-1	-1	-1	-1	-1	-1	-1	-1	-1	-1	-1	
-1	-1	-1	-1	-1	-1	-1	-1	-1	-1	-1	-1	-1	-1	-1	
-1	-1	-1	-1	-1	-1	-1	-1	-1	-1	-1	-1	-1	-1	-1	
-1	39	270	662	2086	5871	8223	660	457	183	113	557	1138	595	6	
-1	27	98	6073	478	912	3291	3290	122	67	25	72	54	265	63	
-1	32	369	1594	12175	622	646	2842	3258	137	223	34	179	262	554	
-1	15	70	2449	2699	9060	530	476	1599	1600	153	104	49	138	152	
-1	-1	-1	-1	-1	-1	-1	-1	-1	-1	-1	-1	-1	-1	-1	
-1	-1	-1	-1	-1	-1	-1	-1	-1	-1	-1	-1	-1	-1	-1	
-1	-1	-1	-1	-1	-1	-1	-1	-1	-1	-1	-1	-1	-1	-1	
-1	-1	-1	-1	-1	-1	-1	-1	-1	-1	-1	-1	-1	-1	-1	
-1	-1	-1	-1	-1	-1	-1	-1	-1	-1	-1	-1	-1	-1	-1	
-1	-1	-1	-1	-1	-1	-1	-1	-1	-1	-1	-1	-1	-1	-1	
-1	230	516	2748	768	3223	377	650	2868	720	7251	336	1733	50	229	
-1	17	218	253	539	404	2288	242	569	2792	681	4144	197	982	107	
-1	13	95	1078	666	868	411	1376	176	231	1903	295	2600	74	697	
2	Wintering	area	in	Vestfjorden	in	November-December									
	1992	2006													
	-1	-1	-1	-1											
	1	14													
-1	0	36	1247	1317	173	16	208	139	3742	69	0	0	0	0	
-1	72	1518	2389	3287	1267	13	13	158	26	4435	0	0	0	0	
-1	0	16	3708	4124	2593	1096	34	25	196	29	3239	0	0	0	
-1	380	183	5133	5274	1839	1040	308	19	13	111	39	907	0	0	
-1	0	1465	3008	13180	5637	994	552	92	0	7	41	15	393	0	
-1	9	73	661	1480	6110	4458	1843	743	66	0	0	64	0	904	
-1	65	1207	441	1833	3869	12052	8242	2068	629	111	14	0	40	573	
-1	74	159	2425	296	837	2066	6601	4168	755	212	0	15	0	146	
-1	56	322	1522	5260	165	497	1869	4785	3635	668	205	0	0	11	
-1	362	522	3916	1528	2615	82	338	864	3160	2216	384	127	0	1	
-1	7	50	276	1659	624	1029	32	188	516	1831	911	184	0	0	
-1	586	406	2167	10670	13237	1047	678	41	134	301	1214	502	10	37	
-1	257	6814	1123	1596	5334	6731	363	280	37	42	187	761	392	83	
-1	61	352	7173	465	685	2030	3101	177	190	57	46	184	476	327	
-1	940	7785	3712	21320	1153	340	2879	4851	4	23	713	4	150	58	
3	Wintering	area	in	Vestfjorden	in	January									
	1991	1999													
	-1	-1	-1	-1											
	2	15													
-1	90	220	70	20	180	150	5500	440	0	0	0	0	0	0	
-1	0	410	820	260	60	510	120	4690	30	0	0	0	0	0	
-1	0	61	1905	2048	256	27	269	182	5691	128	0	0	0	0	
-1	73	642	3431	4847	1503	102	29	161	131	3679	0	0	0	0	
-1	0	47	3781	4013	2445	1215	42	24	267	29	4326	0	0	0	
-1	0	315	10442	13557	4312	1271	290	22	25	200	58	1146	0	0	
-1	-1	-1	-1	-1	-1	-1	-1	-1	-1	-1	-1	-1	-1	-1	
-1	214	267	1938	4162	9647	6974	1518	743	16	4	0	33	7	462	
-1	0	1358	199	1455	4452	12971	7226	1876	499	16	16	0	156	220	
4	Young	herring	in	the	Barents	Sea	in	May							
	1991	2017													
	-1	-1	-1	-1											
	1	2													
-1	24.3	5.2													
-1	32.6	14													
-1	102.7	25.8													
-1	6.6	59.2													
-1	0.5	7.7													
-1	0.1	0.25													
-1	2.6	0.04													
-1	9.5	4.7													
-1	49.5	4.9													
-1	105.4	27.9													
-1	0.3	7.6													
-1	0.5	3.9													
-1	-1	-1													
-1	-1	-1													
-1	23.3	4.5													
-1	3.7	35													
-1	2.1	3.7													
-1	-1	-1													
-1	0.286	0.286													
-1	5.121	1.366													
-1	1.079	3.802													
-1	0.884	0.015													
-1	0.132	1.982													
-1	3.727	3.055													
-1	0.33	11.471													
-1	1.677	5.463													
-1	14.658	3.266													
5	Feeding	areas	in	the	Norwegian	Sea	in	May							
	1996	2017													
	-1	-1	-1	-1											
	1	15													
-1	0	0	4114	22461	13244	4916	2045	424	14	7	155	0	3134	0	0
-1	0	0	1169	3599	18867	13546	2473	1771	178	77	288	190	60	2697	0
-1	24	1404	367	1099	4410	16378	10160	2059	804	183	0	0	35	0	492
-1	0	215	2191	322	965	3067	11763	6077	853	258	5	14	0	158	128
-1	0	157	1353	2783	92	384	1302	7194	5344	1689	271	0	114	0	75
-1	0	1540	8312	1430	1463	179	204	3215	5433	1220	94	178	0	0	6
-1	0	677	6343	9619	1418	779	375	847	1941	2500	1423	61	78	28	0
-1	32073	8115	6561	9985	9961	1499	732	146	228	1865	2359	1769	0	287	0
-1	0	13735	1543	5227	12571	10710	1075	580	76	313	362	1294	1120	10	88
-1	0	1293	19679	1353	1765	6205	5371	651	388	139	262	526	1003	364	115
-1	0	19	306	14560	1396	2011	6521	6978	679	713	173	407	921	618	243
-1	0	411	2889	5877	20292	1260	1992	6780	5582	647	488	372	403	1048	1010
-1	0	1240	631	10809	8271	14827	1513	2257	4848	2734	449	149	151	270	491
-1	0	144	1669	2159	12300	8994	9527	2147	1435	2466	1411	188	193	123	231
-1	234	125	542	2334	1781	8351	5988	5601	869	882	983	578	90	72	57
-1	0	1205	977	1528	3607	2564	9420	4542	4298	825	892	712	261	37	39
-1	0	378	2895	412	670	1646	2560	4226	2026	2097	298	607	315	155	47
-1	0	205	776	3955	434	1211	2036	3070	4652	2767	1873	692	805	186	83
-1	17	517	1231	798	2790	749	1065	2681	2285	2842	1119	778	350	76	198
-1	0	385	468	1299	1176	3548	1399	1160	3178	2523	4350	712	788	262	194
-1	0	75	3549	1508	2215	1779	2683	929	1143	1770	1851	2877	928	439	136
-1	15	152	711	4251	1544	1635	1342	1688	430	832	1016	1784	1670	491	149
6	As	part	of	the	joint	IMR-PINRO	ecosystem	survey	in	August-September					
	2000	2015													
	-1	-1	-1	-1											
	1	2													
-1	14.7	11.5													
-1	0.5	10.5													
-1	1.3	0													
-1	99.9	4.3													
-1	14.3	36.5													
-1	46.4	16.1													
-1	1.6	5.5													
-1	3.9	2.6													
-1	0.03	1.62													
-1	1.5	0.4													
-1	1	0.3													
-1	0.1	1.5													
-1	2	1.1													
-1	7.7	5													
-1	2.6	0.4													
-1	1.1	9													
7	Indices	for	0	group											
	1980	2015													
	-1	-1	-1	-1											
	0	0													
-1	4														
-1	3														
-1	202														
-1	40557														
-1	6313														
-1	7237														
-1	7														
-1	2														
-1	8686														
-1	4196														
-1	9508														
-1	81175														
-1	37183														
-1	61508														
-1	14884														
-1	1308														
-1	57169														
-1	45808														
-1	79492														
-1	15931														
-1	49614														
-1	844														
-1	23354														
-1	28579														
-1	136053														
-1	26531														
-1	68531														
-1	22319														
-1	15915														
-1	18916														
-1	20367														
-1	13674														
-1	26480														
-1	70972														
-1	16674														
-1	11207														
