Catch in Numbers (thousands)												
1 2												
1946 2015												
1 13												
1												
0	0	0	0	0	0	0	0	0	0	0	0	0
0	0	0	0	0	0	0	0	0	0	0	0	0
0	0	0	0	0	0	0	0	0	0	0	0	0
0	0	0	0	0	0	0	0	0	0	0	0	0
0	0	0	0	0	0	0	0	0	0	0	0	0
0	0	0	0	0	0	0	0	0	0	0	0	0
0	0	0	0	0	0	0	0	0	0	0	0	0
0	0	0	0	0	0	0	0	0	0	0	0	0
0	0	0	0	0	0	0	0	0	0	0	0	0
0	0	0	0	0	0	0	0	0	0	0	0	0
0	0	0	0	0	0	0	0	0	0	0	0	0
0	0	0	0	0	0	0	0	0	0	0	0	0
0	0	0	0	0	0	0	0	0	0	0	0	0
0	0	0	0	0	0	0	0	0	0	0	0	0
0	0	0	0	0	0	0	0	0	0	0	0	0
0	0	0	0	0	0	0	0	0	0	0	0	0
0	0	0	0	0	0	0	0	0	0	0	0	0
0	0	0	0	0	0	0	0	0	0	0	0	0
0	0	0	0	0	0	0	0	0	0	0	0	0
0	0	0	0	0	0	0	0	0	0	0	0	0
0	0	0	0	0	0	0	0	0	0	0	0	0
0	0	0	0	0	0	0	0	0	0	0	0	0
0	0	0	0	0	0	0	0	0	0	0	0	0
0	0	0	0	0	0	0	0	0	0	0	0	0
0	0	0	0	0	0	0	0	0	0	0	0	0
0	0	0	0	0	0	0	0	0	0	0	0	0
0	0	0	0	0	0	0	0	0	0	0	0	0
0	0	0	0	0	0	0	0	0	0	0	0	0
0	0	0	0	0	0	0	0	0	0	0	0	0
0	0	0	0	0	0	0	0	0	0	0	0	0
0	0	0	0	0	0	0	0	0	0	0	0	0
0	0	0	0	0	0	0	0	0	0	0	0	0
0	0	0	0	0	0	0	0	0	0	0	0	0
0	0	0	0	0	0	0	0	0	0	0	0	0
0	0	0	0	0	0	0	0	0	0	0	0	0
0	0	0	0	0	0	0	0	0	0	0	0	0
0	0	0	0	0	0	0	0	0	0	0	0	0
0	0	0	0	0	0	0	0	0	0	0	0	0
418000	21000	0	0	0	0	0	0	0	0	0	0	0
376000	67000	0	0	0	0	0	0	0	0	0	0	0
968000	392000	99000	0	0	0	0	0	0	0	0	0	0
183000	281000	14000	0	0	0	0	0	0	0	0	0	0
411000	22000	2000	0	0	0	0	0	0	0	0	0	0
144000	0	0	0	0	0	0	0	0	0	0	0	0
126000	28000	0	0	0	0	0	0	0	0	0	0	0
152000	215000	2000	0	0	0	0	0	0	0	0	0	0
1028000	155000	4000	0	0	0	0	0	0	0	0	0	0
20244000	512000	52000	1000	0	0	0	0	0	0	0	0	0
6882000	641000	131000	52000	8000	0	0	0	0	0	0	0	0
15236000	757000	211000	67000	4000	0	0	0	0	0	0	0	0
21856000	1509000	145000	57000	21000	1000	0	0	0	0	0	0	0
16021000	1863000	176000	17000	1000	0	0	0	0	0	0	0	0
4868000	537000	212000	25000	2000	1000	0	0	0	0	0	0	0
1848000	298000	53000	4000	0	0	0	0	0	0	0	0	0
2249000	173000	38000	14000	4000	0	0	0	0	0	0	0	0
2282000	114000	24000	12000	2000	1000	0	0	0	0	0	0	0
462000	398000	42000	6000	1000	0	0	0	0	0	0	0	0
4512000	108000	24000	0	0	0	0	0	0	0	0	0	0
2316000	536000	21000	12000	2000	0	0	0	0	0	0	0	0
3018000	139000	90000	5000	6000	1000	0	0	0	0	0	0	0
2204000	151000	7000	2000	0	0	0	0	0	0	0	0	0
1198000	202000	87000	5000	0	0	0	0	0	0	0	0	0
784000	96000	105000	35000	5000	0	0	0	0	0	0	0	0
8001000	156000	73000	24000	6000	0	0	0	0	0	0	0	0
8440000	240000	54000	31000	22000	3000	0	0	0	0	0	0	0
5061000	429000	163000	43000	13000	6000	0	0	0	0	0	0	0
14325000	1043000	105000	39000	7000	0	0	0	0	0	0	0	0
5274000	1532000	149000	14000	7000	1000	0	0	0	0	0	0	0
7423000	948000	173000	36000	3000	0	0	0	0	0	0	0	0
7423000	948000	173000	36000	3000	0	0	0	0	0	0	0	0