Landings (tonnes)
1 1
1946 2015
1 13
5
706000
882017
774295
800122
731982
827180
876795
695546
826021
1147841
1343068
792557
769313
744607
622042
783221
909266
776337
437695
444930
483711
572605
1074084
1197226
933246
689048
565254
792685
1102433
829377
867463
905301
698715
440538
380434
399038
363730
289992
277651
307920
430113
523071
434939
332481
212000
319158
513234
581611
771086
739999
732228
762403
592624
484910
414868
426471
535045
551990
606445
641276
537642
486883
464171
523430
609983
719830
727663
966209
986449
864384







