North-East Arctic cod (Sub-areas I and II) (run name: XSAASA01)									
104									
FLT15: NorBarTrSur rev99 (Catch: Unknown) (Effort: Unknown)									
1980	2015								
1	1	0.99	1						
3	10								
1	2330	4000	3840	480	100	30	NA	NA	
1	2770	2360	1550	1600	140	20	NA	NA	
1	5230	4330	1700	580	320	100	NA	NA	
1	2830	2140	1170	410	40	10	NA	NA	
1	12600	1990	770	330	20	10	NA	NA	
1	14390	6410	830	190	30	NA	NA	NA	
1	39110	5430	1570	200	50	NA	NA	NA	
1	8050	17330	2050	360	50	NA	NA	NA	
1	7590	3780	9020	980	90	10	NA	NA	
1	3490	3460	2060	2720	160	40	NA	NA	
1	3370	2570	2150	1220	1270	60	NA	NA	
1	5770	1780	1280	770	430	270	NA	NA	
1	14010	7250	1580	620	390	220	NA	NA	
1	31020	14740	5060	930	240	160	NA	NA	
1	24140	25590	7670	1850	240	80	NA	NA	
1	11540	13720	10610	2400	290	40	NA	NA	
1	6400	7040	5270	2830	570	90	NA	NA	
1	18130	3650	2590	1780	860	100	NA	NA	
1	17320	5810	1340	650	510	120	NA	NA	
1	13210	10830	2690	430	200	120	NA	NA	
1	18280	8340	3820	890	110	40	NA	NA	
1	13500	10960	4250	1510	240	30	10	5	
1	12970	9110	6730	1830	490	100	14	3	
1	17250	5690	4470	2730	760	170	25	13	
1	6210	9810	2470	1550	450	110	29	4	
1	11150	2870	4370	1020	490	140	24	15	
1	8500	6290	1480	1790	480	180	38	12	
1	33360	9100	4720	1300	880	200	39	NA	
1	21960	19390	5860	1960	680	490	55	24	
1	10690	16080	14070	4000	1190	350	152	53	
1	5410	12210	13990	9560	1680	390	116	82	
1	6840	4480	8730	12410	5310	790	279	95	
1	11000	6530	3540	6130	7930	2720	219	158	
1	8370	6680	4830	2770	4420	3310	880	135	
1	18290	11800	12390	6190	3210	3890	2024	572	
1	10470	16420	9580	5870	3110	1430	1240	556	
FLT16: NorBarLofAcSur rev99 (Catch: Unknown) (Effort: Unknown)									
1984	2015								
1	1	0.99	1						
3	11								
1	1416	204	154	157	33	13	10	5	NA
1	1343	684	116	77	31	3	NA	4	NA
1	2049	502	174	14	30	7	NA	NA	NA
1	355	578	109	40	3	NA	1	NA	NA
1	344	214	670	166	32	5	2	NA	NA
1	206	262	269	668	73	6	3	NA	NA
1	346	293	339	367	500	37	2	2	NA
1	658	215	184	284	254	824	43	17	NA
1	1911	1131	354	255	252	277	442	49	NA
1	4045	2175	895	225	119	94	39	180	NA
1	1598	2166	1040	290	44	43	30	26	NA
1	705	872	891	446	65	11	4	9	NA
1	517	497	422	499	205	22	5	NA	NA
1	1826	424	338	340	247	49	7	2	NA
1	964	454	122	112	187	92	10	2	NA
1	1589	1457	493	129	69	52	12	6	NA
1	1716	816	573	198	24	8	6	3	NA
1	1122	1043	661	345	95	12	5	6	NA
1	1144	1315	1445	643	212	38	5	1	NA
1	928	327	451	468	222	88	22	2	NA
1	337	661	299	432	172	75	18	1	NA
1	591	157	381	169	155	88	24	3	NA
1	371	318	130	426	137	75	35	8	NA
1	3061	1410	754	246	329	58	28	17	NA
1	1783	1405	495	401	133	260	37	17	NA
1	1219	1759	1949	709	375	111	88	17	NA
1	291	824	1587	2843	656	226	61	78	5
1	527	381	828	2244	1547	309	108	48	20
1	850	710	575	1194	2249	1756	209	126	49
1	1178	918	679	529	1354	1751	977	142	66
1	1542	1193	996	965	362	1112	663	300	68
1	410	583	969	646	587	339	341	292	170
FLT18: RusSweptArea rev05 (ages 3-9) (Catch: Unknown) ( (Catch: Unknown) (Effort: Unknown)									
1982	2015								
1	1	0.9	1						
3	9								
1	1413	1525	721	198	551	174	37		
1	520	642	506	358	179	252	94		
1	1189	700	489	357	154	69	61		
1	1188	1592	1068	365	165	37	8		
1	1622	1532	1493	481	189	42	2		
1	557	3076	900	701	184	60	25		
1	993	938	2879	583	260	47	24		
1	490	978	1062	1454	1167	299	112		
1	167	487	627	972	1538	673	153		
1	1077	484	532	583	685	747	98		
1	675	308	239	273	218	175	25		
1	1604	1135	681	416	354	87	3		
1	1363	1309	1019	354	128	49	21		
1	589	1065	1395	849	251	83	19		
1	733	784	1035	773	348	132	19		
1	1342	835	613	602	348	116	32		
1	2028	1363	788	470	259	130	48		
1	1587	2072	980	301	123	94	42		
1	1839	1286	1786	773	114	52	23		
1	1224	1557	1290	1061	304	50	14		
1	980	1473	1473	896	600	182	29		
1	1246	1057	1166	1203	535	241	40		
1	329	1576	880	1111	776	279	93		
1	1408	631	1832	744	605	244	88		
1	927	1613	777	1801	662	342	161		
1	2579	1617	1903	846	1525	553	226		
1	2203	3088	1635	1472	830	863	291		
1	974	2317	3687	2016	1175	620	413		
1	543	1385	3668	2698	1455	603	446		
1	882	508	1432	3065	3300	917	439		
1	815	1114	839	2122	3358	1878	432		
1	747	1174	1177	884	2349	3132	1367		
1	1399	1368	1725	1483	1111	1929	1297		
1	657	1583	1742	1932	1610	925	1158		
FLT007: Ecosystem   (total area avg-sep age 3-9)									
1984	2015								
1	1	0.65	0.75						
3	11								
1	NA	NA	NA	NA	NA	NA	NA	NA	NA
1	NA	NA	NA	NA	NA	NA	NA	NA	NA
1	NA	NA	NA	NA	NA	NA	NA	NA	NA
1	NA	NA	NA	NA	NA	NA	NA	NA	NA
1	NA	NA	NA	NA	NA	NA	NA	NA	NA
1	NA	NA	NA	NA	NA	NA	NA	NA	NA
1	NA	NA	NA	NA	NA	NA	NA	NA	NA
1	NA	NA	NA	NA	NA	NA	NA	NA	NA
1	NA	NA	NA	NA	NA	NA	NA	NA	NA
1	NA	NA	NA	NA	NA	NA	NA	NA	NA
1	NA	NA	NA	NA	NA	NA	NA	NA	NA
1	NA	NA	NA	NA	NA	NA	NA	NA	NA
1	NA	NA	NA	NA	NA	NA	NA	NA	NA
1	NA	NA	NA	NA	NA	NA	NA	NA	NA
1	NA	NA	NA	NA	NA	NA	NA	NA	NA
1	NA	NA	NA	NA	NA	NA	NA	NA	NA
1	NA	NA	NA	NA	NA	NA	NA	NA	NA
1	NA	NA	NA	NA	NA	NA	NA	NA	NA
1	NA	NA	NA	NA	NA	NA	NA	NA	NA
1	NA	NA	NA	NA	NA	NA	NA	NA	NA
1	1477	4215	1502	798	402	101	22	5	1
1	2166	558	1009	280	156	57	12	5	1
1	1861	2056	599	698	176	81	26	6	2
1	5862	1592	791	246	269	60	22	9	1
1	6526	4834	1323	511	128	175	33	9	2
1	2023	2806	2896	1017	319	127	73	26	8
1	568	1770	3972	4249	1427	385	105	68	16
1	1236	1015	2402	3004	1784	323	77	18	13
1	2291	1464	700	1508	1652	845	127	44	16
1	2491	1836	1257	632	1182	1302	538	91	33
1	NA	NA	NA	NA	NA	NA	NA	NA	NA
1	1744	2252	1413	726	486	262	353	266	79
