Mean	Weight	in	Catch	(kilograms)																					
1	3																								
1946 2015																									
1	13																								
1																									
0.114	0.396	0.35	0.59	1.11	1.69	2.37	3.17	3.98	5.05	5.92	7.2	8.146													
0.114	0.396	0.32	0.56	0.95	1.5	2.14	2.92	3.65	4.56	5.84	7.42	8.848													
0.114	0.396	0.34	0.53	1.26	1.93	2.46	3.36	4.22	5.31	5.92	7.09	8.43													
0.114	0.396	0.37	0.67	1.11	1.66	2.5	3.23	4.07	5.27	5.99	7.08	8.218													
0.114	0.396	0.39	0.64	1.29	1.7	2.36	3.48	4.52	5.62	6.4	7.96	8.891													
0.114	0.396	0.4	0.83	1.39	1.88	2.54	3.46	4.88	5.2	7.14	8.22	9.389													
0.114	0.396	0.44	0.8	1.33	1.92	2.64	3.71	5.06	6.05	7.42	8.43	10.185													
0.114	0.396	0.4	0.76	1.28	1.93	2.81	3.72	5.06	6.34	7.4	8.67	10.238													
0.114	0.396	0.44	0.77	1.26	1.97	3.03	4.33	5.4	6.75	7.79	10.67	9.68													
0.114	0.396	0.32	0.57	1.13	1.73	2.75	3.94	4.9	7.04	7.2	8.78	10.077													
0.114	0.396	0.33	0.58	1.07	1.83	2.89	4.25	5.55	7.28	8	8.35	9.944													
0.114	0.396	0.33	0.59	1.02	1.82	2.89	4.28	5.49	7.51	8.24	9.25	10.605													
0.114	0.396	0.34	0.52	0.95	1.92	2.94	4.21	5.61	7.35	8.67	9.58	11.631													
0.114	0.396	0.35	0.72	1.47	2.68	3.59	4.32	5.45	6.44	7.17	8.63	11.621													
0.114	0.396	0.34	0.51	1.09	2.13	3.38	4.87	6.12	8.49	7.79	8.3	11.422													
0.114	0.396	0.31	0.55	1.05	2.2	3.23	5.11	6.15	8.15	8.68	9.6	11.952													
0.114	0.396	0.32	0.55	0.93	1.7	3.03	5.03	6.55	7.7	9.27	10.56	12.717													
0.114	0.396	0.32	0.61	0.96	1.73	3.04	4.96	6.44	7.91	9.62	11.31	12.737													
0.114	0.396	0.33	0.55	0.95	1.86	3.25	4.97	6.41	8.07	9.34	10.16	12.886													
0.114	0.396	0.38	0.68	1.03	1.49	2.41	3.52	5.73	7.54	8.47	11.17	13.722													
0.114	0.396	0.44	0.74	1.18	1.78	2.46	3.82	5.36	7.27	8.63	10.66	14.148													
0.114	0.396	0.29	0.81	1.35	2.04	2.81	3.48	4.89	7.11	9.03	10.59	13.829													
0.114	0.396	0.33	0.7	1.48	2.12	3.14	4.21	5.27	6.65	9.01	9.66	14.848													
0.114	0.396	0.44	0.79	1.23	2.03	2.9	3.81	5.02	6.43	8.33	10.71	14.211													
0.114	0.396	0.37	0.91	1.34	2	3	4.15	5.59	7.6	8.97	10.99	14.074													
0.114	0.396	0.45	0.88	1.38	2.16	3.07	4.22	5.81	7.13	8.62	10.83	12.945													
0.114	0.396	0.38	0.77	1.43	2.12	3.23	4.38	5.83	7.62	9.52	12.09	13.673													
0.114	0.396	0.38	0.91	1.54	2.26	3.29	4.61	6.57	8.37	10.54	11.62	13.904													
0.114	0.396	0.32	0.66	1.17	2.22	3.21	4.39	5.52	7.86	9.82	11.41	13.242													
0.114	0.396	0.41	0.64	1.11	1.9	2.95	4.37	5.74	8.77	9.92	11.81	13.107													
0.114	0.396	0.35	0.73	1.19	2.01	2.76	4.22	5.88	9.3	10.28	11.86	13.544													
0.114	0.396	0.49	0.9	1.43	2.05	3.3	4.56	6.46	8.63	9.93	10.9	13.668													
0.114	0.396	0.49	0.81	1.45	2.15	3.04	4.46	6.54	7.98	10.15	10.85	13.177													
0.114	0.396	0.35	0.7	1.24	2.14	3.15	4.29	6.58	8.61	9.22	10.89	14.344													
0.114	0.396	0.27	0.56	1.02	1.72	3.02	4.2	5.84	7.26	8.84	9.28	14.448													
0.114	0.396	0.49	0.98	1.44	2.09	2.98	4.85	6.57	9.16	10.82	10.77	13.932													
0.114	0.396	0.37	0.66	1.35	1.99	2.93	4.24	6.46	8.51	12.24	10.78	14.041													
0.114	0.396	0.84	1.37	2.09	2.86	3.99	5.58	7.77	9.29	11.55	16.2	17.034													
0.14	1.09	1.42	1.93	2.49	3.14	3.91	4.91	6.02	7.4	8.13	8.57	8.609													
0.12	0.33	0.94	1.37	2.02	3.22	4.63	6.04	7.66	9.81	11.8	14.16	14.008													
0.08	0.29	0.64	1.27	1.88	2.79	4.49	5.84	6.83	7.69	9.81	10.71	12.051													
0.1	0.24	0.49	0.88	1.55	2.33	3.44	5.92	8.6	9.6	12.17	13.72	13.38													
0.08	0.31	0.54	0.85	1.32	2.24	3.52	5.35	8.06	9.51	11.36	14.09	16.706													
0.06	0.51	0.74	0.96	1.31	1.92	2.93	4.64	7.52	9.12	11.08	11.47	16.484													
0.15	0.42	0.81	1.22	1.64	2.22	3.24	4.68	7.3	9.84	13.25	16.88	11.617													
0.12	0.48	1.05	1.45	2.15	2.89	3.75	4.71	6.08	8.82	11.8	16.58	16.69													
0.03	0.49	1.16	1.57	2.21	3.1	4.27	5.19	6.14	7.77	10.12	11.54	14.332													
0.08	0.45	0.81	1.52	2.16	2.79	4.07	5.53	6.47	7.19	7.98	10.11	14.183													
0.04	0.39	0.82	1.3	2.06	2.89	3.21	5.2	6.8	7.57	8.01	9.48	11.978													
0.12	0.37	0.77	1.2	1.78	2.59	3.81	4.99	6.23	8.05	8.74	9.22	12.319													
0.08	0.3	0.79	1.11	1.61	2.46	3.82	5.72	6.74	8.04	9.28	10.4	10.966													
0.1	0.33	0.67	1.04	1.53	2.22	3.42	5.2	7.19	7.73	8.61	11.07	11.117													
0.12	0.34	0.68	1.05	1.62	2.3	3.3	4.86	6.87	9.3	10.3	15.05	14.524													
0.03	0.37	0.63	1.01	1.54	2.34	3.21	4.29	6	6.73	10.08	13.88	14.036													
0.088	0.273	0.572	1.036	1.609	2.344	3.341	4.476	5.724	7.523	8.021	12.478	17.241													
0.11	0.31	0.66	1.05	1.62	2.51	3.51	4.78	6.04	7.54	9	10.48	16.18													
0.05	0.319	0.723	1.133	1.56	2.306	3.52	4.784	6.2	7.659	9.14	8.197	10.325													
0.153	0.398	0.672	1.119	1.827	2.499	3.575	5.039	6.355	8.196	10.711	11.958	10.657													
0.15	0.35	0.72	1.13	1.607	2.429	3.274	4.725	6.712	7.984	9.192	12.024	14.245													
0.178	0.401	0.693	1.081	1.566	2.205	3.263	4.443	6.228	8.187	9.724	11.496	14.417													
0.119	0.311	0.723	1.157	1.605	2.388	3.318	4.535	5.466	6.777	7.699	8.578	10.155													
0.063	0.28	0.736	1.214	1.832	2.511	3.822	5.043	6.584	8.077	8.942	10.173	13.364													
0.259	0.422	0.769	1.273	1.866	2.818	3.786	5.122	6.223	7.752	8.405	10.117	13.674													
0.25	0.501	0.747	1.173	1.735	2.419	3.864	5.346	6.428	8.008	8.667	8.547	12.022													
0.21	0.412	0.783	1.202	1.744	2.442	3.397	5.045	6.247	7.318	8.525	9.15	11.382
0.208	0.467	0.783	1.310	1.717	2.366	3.203	4.625	6.185	7.474	8.566	10.722	13.263
0.045	0.291	0.671	1.141	1.732	2.343	3.120	4.404	6.277	8.242	10.351	11.607	14.225
0.087	0.329	0.708	1.168	1.674	2.360	3.185	4.222	5.576	7.309	9.078	11.280	13.334
0.257	0.518	0.787	1.199	1.733	2.340	3.281	4.212	5.493	6.983	8.671	9.852	12.622
0.234	0.558	0.782	1.090	1.554	2.180	3.139	4.455	5.612	6.622	7.335	8.937	12.139





											
																									
